0.5452384
0.6272527
0.6352244
0.9600923
0.4309207
0.52086
0.5397199
0.7039511
0.7475635
0.9959606
0.569752
0.6027599
0.4834878
0.9480096
0.6498826
0.7397261
0.9912851
0.586823
0.7202625
0.8367999
0.3342035
0.8174272
0.3450551
0.5587451
0.9432014
0.679588
0.4503512
0.8884682
0.590096
0.8631659
0.7691861
0.7289504
0.7708557
0.7174991
0.6152233
0.7327661
0.7264804
0.5106049
0.799796
0.8100351
0.5663497
0.4689619
0.6181435
0.8437305
0.9981998
0.6339305
0.8447375
0.3179907
0.8896742
0.3303318
0.735266
0.6898198
0.6655702
0.8510799
0.7095156
0.4969758
0.8484388
0.8195206
0.8437346
0.8577731
0.2363576
0.6213055
0.1979741
0.5728559
0.6163239
0.3064749
0.5560212
0.8687291
0.7330962
0.9835372
0.6669538
0.1706468
0.8078659
0.8841057
0.9175882
0.842189
0.8339584
0.7166384
0.8229778
0.3219027
0.7979235
0.6709746
0.6064957
0.4004881
0.5989502
0.9841454
0.5081024
0.8246586
0.500212
0.4555614
0.8373425
0.3055898
0.9058462
0.9211932
0.8810476
0.6312459
0.7657825
0.5210729
0.7374087
0.8251385
0.8600294
0.6543261
0.7213263
0.8095014
0.2761602
0.6288661
0.8668824
0.1076968
0.4128208
0.672145
0.2199961
0.9646906
0.8123548
0.6448247
0.2326453
0.7624675
0.7270982
0.7233169
0.9524676
0.3259023
0.6111314
0.9778801
0.8269967
0.7432914
0.5714413
0.7863579
0.9262938
0.2938908
0.07457083
0.7748325
0.5395212
0.6469742
0.8613595
0.7876429
0.4221528
0.2226311
0.4397504
0.5507986
0.9926543
0.7253149
0.6676154
0.6536698
0.9745289
0.6850371
0.6710838
0.5651254
0.9096628
0.1227547
0.6468313
0.9318428
0.7904028
0.609618
0.6660094
0.8663635
0.04957319
0.7445815
0.9216832
0.4887458
0.7633341
0.5060874
0.7552644
0.9199277
0.7619156
0.7284639
0.8333107
0.7197618
0.03630971
0.9696446
0.9657154
0.5568852
0.5699255
0.979644
0.7078074
0.2144228
0.9794143
0.7580246
0.991257
0.9455363
0.9603372
0.6708451
0.7563661
0.4945573
0.8557085
0.7745685
0.8166304
0.6859866
0.7816317
0.9260764
0.9925598
0.8831207
0.8937079
0.7908946
0.8658479
0.6718815
0.5761703
0.0001216973
0.5952493
0.8697591
0.7106134
0.5099375
0.8805983
0.3317928
0.748433
0.2957757
0.6103547
0.8689179
0.8235213
0.7269463
0.7640329
0.4331693
0.6146796
0.5829388
0.99086
0.7022797
0.7425221
0.6371932
0.6790281
0.9712105
0.9404041
0.5844439
0.9930807
0.8066247
0.922599
0.4328375
0.8394395
0.3670483
0.3953077
0.3583048
0.5044719
0.8625907
0.7140952
0.5317539
0.7516511
0.8025033
0.7521293
0.6501207
0.5811883
0.3978883
0.9422329
0.9898386
0.5716207
0.9824532
0.2854531
0.648912
0.7359925
0.5439491
0.5757944
0.7794197
0.5334638
0.5476403
0.8429989
0.6023212
0.8454667
0.4221016
0.7295196
0.9306178
0.4632183
0.988536
0.7205984
0.6934163
0.9387737
0.4064471
0.8246714
0.4464623
0.5010185
0.5722792
0.562884
0.9329943
0.8457099
0.4159553
0.5634264
0.9892506
0.1221396
0.9900342
0.936487
0.6207802
0.5967435
0.4490456
0.7776947
0.0002936204
0.6940938
0.9308088
0.8443844
0.8832222
0.3589578
0.3591959
0.7034357
0.0745907
0.9849372
0.4268983
0.9323042
0.7001291
0.4249196
0.8647962
0.72263
0.9649524
0.4304512
0.877441
0.4835558
0.6822188
0.4237599
0.05424279
0.7777407
0.722817
0.4856017
0.4584015
0.212864
5.052473e-08
0.7677544
0.5645754
0.9643363
0.9497707
0.6431663
0.9769467
0.9500567
0.7510051
0.5553827
0.8542426
0.8371475
0.9859221
0.8887797
0.5954935
0.800764
0.866335
0.9976228
0.4909144
0.8420324
0.5400106
0.9646346
0.6862532
0.9339883
0.6295266
0.8454646
0.6638122
0.7405382
0.9286198
0.3697943
0.9203475
0.6565563
0.6878113
0.7001884
0.904652
0.660636
0.9933878
0.9069743
0.8416224
0.3017805
0.367413
0.3395642
0.6661279
0.4148257
0.7473792
0.9804753
0.6455062
0.6105459
0.2433793
0.8085874
0.3022022
0.9210727
0.5991206
0.5043658
0.6662137
0.9770297
0.9726003
0.9059595
0.7479605
0.8949559
0.5014569
0.8761624
0.646513
0.9224048
0.9446938
0.6839013
0.3477873
0.5072798
0.6888948
0.9249647
0.6089654
0.5323102
0.1123919
0.7463635
0.9922333
0.675935
0.8603737
0.9323357
0.720344
0.9671325
0.7945329
0.5621788
0.6068935
0.8882231
0.9444211
0.9817191
0.7740069
0.5865415
0.7891312
0.9547969
0.6190082
0.6995181
0.6328336
0.9637861
0.8416445
0.9058685
0.6960071
0.8005092
0.1773015
0.8794868
0.9027598
0.9951077
0.9567953
0.7473964
0.2072219
0.4695859
0.8974096
0.4202819
0.5466701
0.7612636
0.9275326
0.9938798
0.8648123
0.7713552
0.1383864
0.1415974
0.4243945
0.7188272
0.3435744
0.7437208
0.551179
0.629626
0.6282736
0.7582873
0.99545
0.8019606
0.6562144
0.0932812
0.357864
0.7598125
0.7054338
0.7594813
0.14736
0.5247883
0.8567692
0.7240232
0.5845758
0.448966
0.7463131
0.5215391
0.7872349
0.2243779
0.7380424
0.350508
0.5629057
0.7999516
0.8574854
0.4543292
0.984198
0.7002699
0.9173906
0.7878749
0.6743915
0.5435223
0.7585434
0.8643532
0.6972248
0.5741912
0.8847339
0.5232649
0.91592
0.5057793
0.6435084
0.3241249
0.8990523
0.9257227
0.4667897
0.2845023
0.7632072
0.8352578
0.6524864
0.4032693
0.8178109
0.5521626
0.7065289
0.672822
0.8986059
0.8348844
0.7642908
0.1109551
0.2767442
0.6385448
0.9662528
0.9551772
7.350714e-08
0.9333081
0.9618813
0.8253107
0.6510497
0.5601842
0.6792201
0.3101657
0.6874499
0.5661578
0.6338129
0.7480528
0.9024889
0.5668107
0.6927201
0.8695383
0.5358076
0.9883275
0.9660323
0.3939777
0.771044
0.3795142
0.5415241
0.7859371
0.5994836
0.6746151
0.7919655
0.809489
0.706186
0.2881883
0.3530619
0.3681159
0.9691332
0.6948419
0.9599621
0.5893074
0.6371776
0.9368959
0.2928522
0.9950783
0.8174403
0.2254905
0.7066023
0.7555737
0.3837342
0.6096088
0.8953123
0.2951889
0.8105069
0.8641153
0.978943
0.2585958
0.9680353
0.8229519
0.6831993
0.8913937
0.6594851
0.8877374
0.2881721
0.95441
0.9627991
0.997249
0.7165571
0.6137518
0.8633062
0.6274487
0.7597814
0.6736142
0.672485
0.4848092
0.5099251
0.7857362
0.9166933
0.8031912
0.8807541
0.5591466
0.9351875
0.8837469
0.6006673
0.2527815
0.8169168
0.7683083
0.4914968
0.0006875438
0.5955655
0.5539303
0.4245202
0.7318962
0.7407353
0.9655209
0.4850295
0.8183748
0.12437
0.8434168
0.6254111
0.5570452
0.4013174
0.9907521
0.8549635
0.4714352
0.8933239
0.5079747
0.6125061
0.4701556
0.00381999
0.832304
0.8923709
0.6682406
0.948883
0.8839943
0.4206534
0.7775377
0.7956388
0.8132165
0.4522765
0.3596522
0.9550219
0.4642941
0.8759104
0.8479142
0.7701599
0.7536872
0.7763381
0.5738971
0.9172917
0.8782854
0.8916336
0.9875574
0.2226171
0.9477971
0.6082866
0.895848
0.5478736
0.959598
0.8563277
0.8696004
0.9678846
0.2012708
0.8569769
0.908552
0.5249388
0.7138874
0.8000292
0.9615215
0.9252573
0.6433319
0.09136946
0.7185902
0.9495562
0.951415
0.4223446
0.8980612
0.5466849
0.8457362
0.2682329
0.5932164
0.6650952
0.5304083
0.6829907
0.8729631
0.7182051
0.7205275
0.9126245
0.6538311
0.8968157
0.8524116
0.8797466
0.836997
0.8563278
0.6276076
0.6291976
0.4900125
0.9799195
0.7177107
0.6812195
0.8325829
0.9829109
0.3732336
0.8991094
0.9484742
0.2630752
0.7437321
0.3522039
0.4561659
0.8574945
0.7228557
0.7036839
0.4914748
0.8627557
0.9517842
0.5945532
0.6613592
0.6816652
0.5962924
0.6549466
0.7672154
0.4291452
0.7816152
0.7155648
0.8024887
0.9746546
0.09994817
0.7518054
0.7478324
0.9899955
0.7569417
0.6918206
0.3996857
0.8969679
0.9366783
0.8536189
0.7765706
0.9747065
0.1191543
0.8900971
0.7051744
0.8352725
0.8401387
0.8318448
0.3428609
0.02952285
0.4181235
0.6329419
0.8070886
0.9764835
0.8777981
0.07684928
0.753575
0.6579252
0.615453
0.6738222
0.5992189
0.7374247
0.9593596
0.7291574
0.7382057
0.7938403
0.5345573
0.4943949
0.1465981
0.4412644
0.8639587
0.7182729
0.4876019
0.6808414
0.7761303
0.6009593
0.5378092
0.9577763
0.9257763
0.7387862
0.4971521
0.9245838
0.5520358
0.792213
0.6163753
0.8272211
0.7361067
0.869854
0.7585939
0.6517303
0.6426885
0.1518037
0.6126701
0.7617598
0.7078773
0.7298364
0.5530002
0.9295167
0.5501516
0.8513979
0.2710033
0.6157396
0.7828895
0.1575973
0.7599312
0.4110291
0.8069134
0.669078
0.8033388
0.2996558
0.3218751
0.8988908
0.7088046
0.459021
0.1237809
0.7941744
0.6484742
0.5017331
0.9195846
0.6745709
0.82056
0.8237662
0.7543609
0.1972365
0.9742889
0.602572
0.988644
0.7401808
0.3028033
0.4494909
0.874212
0.4650549
0.6898886
0.8932314
0.577457
0.6179964
0.8814981
0.5121559
0.8673235
0.6757763
0.9834605
0.7287243
0.8461882
0.6888727
0.6756261
0.6579651
0.8965772
0.3229662
0.8867695
0.9735875
0.6689812
0.6373947
0.9994495
0.05098998
0.7488954
0.5265636
0.7126138
0.5490827
0.701193
0.8630269
0.9877068
0.4660869
0.936751
0.2067755
0.9142549
0.1536359
0.6105966
0.7012047
0.6072542
0.9686009
0.8759044
0.4854008
0.8079995
0.6956039
0.9817441
0.8788509
0.9411021
0.6629518
0.6531453
0.6428665
0.9234096
0.3501771
0.6149797
0.568284
0.9199826
0.5585375
0.8233552
0.8369553
0.947777
0.7914428
0.7766041
0.1971651
0.987116
0.6744456
0.9059394
0.3555656
0.722089
0.4916714
0.06862293
0.9761848
0.4228739
0.4654179
0.6014361
0.4946744
0.5729195
0.1394481
0.9477953
0.5436298
0.4499978
0.5112685
0.8373273
0.706382
0.759729
0.467709
0.6790497
0.636813
0.9383075
0.9303564
0.955027
0.9339724
0.4380848
0.563104
0.8232437
0.7152466
0.7552862
0.7735047
0.9174818
0.9143331
0.8746515
0.7788525
0.3805465
0.9867129
0.4862419
0.6429673
0.6308526
0.8639317
0.985904
0.9168373
0.8658323
0.6529807
0.8582772
0.7481326
0.822135
0.9621775
0.8608484
0.5105926
0.6626734
0.5847303
0.9701633
0.9856567
0.8707913
0.1542716
0.7515501
0.5746915
0.7743954
0.9964274
0.8664756
0.4930546
0.9427444
0.9081344
0.5886879
0.7659316
0.9859359
0.9748537
0.3779303
0.5154127
0.8579766
0.3765007
0.9418969
0.6457853
0.803874
0.8239536
0.568442
0.7970465
0.5807972
0.7547593
0.7647455
0.5807215
0.6644928
0.7029632
0.6195396
0.5129676
0.6107644
0.377483
0.4544068
0.991444
0.7652995
0.9952964
0.3404983
0.8248589
0.497404
0.8632066
0.902854
0.9764736
0.8261664
0.5568965
0.6956849
0.8191838
0.8679559
0.4409436
0.87415
0.6876758
0.2556174
0.7579057
0.6969582
0.6183597
0.701004
0.8817259
0.8166223
0.5045075
0.2191437
0.5725134
0.8036851
0.9789364
0.4009062
0.6729488
0.8733775
0.7340855
0.6948597
0.3303587
0.8960619
0.8779329
0.8142614
0.5796517
0.9417407
0.3797125
0.8780819
0.7642813
0.4948199
0.6943548
0.9018038
0.3052581
0.9815296
0.01752379
0.5621154
0.5686951
0.4633137
0.7915801
0.6195015
0.4541785
0.9712866
0.9827374
0.7334542
0.208738
0.9735001
0.9947029
0.6297997
0.9322216
0.7480403
0.8117591
0.8958622
0.9108762
0.7609856
0.5647929
0.6037842
0.7948098
0.8768043
0.6767774
0.9142004
0.9694793
0.4784002
0.3907197
0.7955495
0.5212875
0.3032836
0.4976112
0.8052277
0.6407066
0.726809
0.7873883
0.4130655
0.2656296
0.4199816
0.5499202
0.6707415
0.6550996
0.8562088
0.418491
0.9812275
0.9913169
0.8416185
0.9235425
0.4109094
0.5980443
0.5701028
0.4997397
0.4204112
0.8382082
0.6086822
0.8465877
0.8953554
0.9036802
0.6150324
0.1250097
0.8076883
0.4056601
0.4284864
0.8029648
0.4413917
0.7242702
0.4977846
0.7097642
0.7186228
0.746141
0.9024804
0.9706649
0.7057198
0.9591435
0.6877858
0.9516465
0.8663346
0.6967721
0.7845945
0.8621441
0.633827
0.7593677
0.6609213
0.9031335
0.1923997
0.6483552
0.5015183
0.6971821
0.7788543
0.9624702
0.4876718
0.889036
0.8254683
0.7090601
0.6409545
0.5740976
0.6359953
0.003710968
0.6747101
0.7479125
0.6429283
0.8276559
0.855377
0.9729868
0.62346
0.3509134
0.9043682
0.5385021
0.6787437
0.4860457
0.472624
0.8516061
0.6363195
0.418966
0.5153232
0.8243982
0.9107448
0.5947371
0.8309461
0.6896646
0.9236512
0.8753406
0.6939803
0.5772522
0.4394039
0.7350726
0.8403432
0.8156484
0.9521186
0.8299527
0.7177257
0.9844114
0.8824623
0.6283401
0.891409
0.6045051
0.5989294
0.6663464
0.5147752
0.8917406
0.6066751
0.8131493
0.6908637
0.7044736
0.9975207
0.9171866
0.7047679
0.4394932
0.3440046
0.4456462
0.7898037
0.5502404
0.6937695
0.8358625
0.5670492
0.6975766
0.2590062
0.5959345
0.9032626
0.8538095
0.3438842
0.4060297
0.6798461
0.842987
0.9861311
0.8779568
0.8797565
0.6027748
0.6091989
0.409611
0.9465427
0.7123693
0.8174245
0.7537215
0.7458173
0.4654658
0.01766473
0.9997346
0.7603323
0.5839367
0.9391219
0.4462836
0.6321047
0.9511595
0.6378987
0.9767777
0.8961331
0.7069429
0.7205341
0.5166059
0.8991644
0.5988346
0.6282941
0.603266
0.3598334
0.6922929
0.7633418
0.5425891
0.8357976
0.7182036
0.6012234
0.5687214
0.7500082
0.9697316
0.5225094
0.8748008
0.9888793
0.4933974
0.5386159
0.9358585
0.5534167
0.2776949
0.9393252
0.8430936
0.6970336
0.4697716
0.8200037
0.5424862
0.9095581
0.5100506
0.9009252
0.5536144
0.9836
0.5997532
0.9372016
0.3107739
0.3458961
0.8474701
0.5557649
0.9553721
0.5279281
0.3219867
0.5890503
0.6100544
0.3849424
0.4855692
0.4834288
0.5570083
0.981672
0.07359741
0.7758261
0.7146816
0.5931571
0.9368008
0.4767723
0.790543
0.7234471
0.7700435
0.5660988
0.7184609
0.3364496
0.7295188
0.608143
0.777528
0.8882248
0.7865215
0.9959356
0.2408326
0.5306641
0.9442571
0.7386577
0.6244062
0.5018536
0.8075045
0.7855887
0.8324508
0.9537421
0.5315473
0.8652607
0.7648733
0.834851
0.7529332
0.8045735
0.4810287
0.9768623
0.9376935
0.8211885
0.7681486
0.7888869
0.8937725
0.7000674
0.8011391
0.7894565
0.8106114
0.771764
0.5819532
0.8710078
0.397791
0.7125177
0.7036246
0.2834002
0.6405638
0.9014456
0.9843061
0.3645799
0.9961836
0.6963247
0.9971554
0.4260883
0.5893378
0.6630382
0.6469301
0.2854124
0.6293824
0.8428467
0.75663
0.8948527
0.9646563
0.9208301
0.786248
0.8100846
0.128669
0.7856665
0.9847794
0.664034
0.8700596
0.9734454
0.9139623
0.4310303
0.2423389
0.5364069
0.9941978
0.2884898
0.8925608
0.709773
0.8590366
0.8253394
0.8286749
0.7705159
0.7401507
0.8400529
0.8669798
0.84776
0.8686349
0.8791311
0.9106673
0.6794709
0.5118321
0.7442446
0.7308241
0.1727371
0.7293512
0.5042081
0.8322604
0.748336
0.4918928
0.8514146
0.6997598
0.5605754
0.9882313
0.9907208
0.5808709
0.8220402
0.5804853
0.6403116
0.7770942
0.01266108
0.318721
0.6988805
0.8818875
0.3991071
0.8710982
0.9624771
0.4507635
0.6061098
0.9471665
0.5189333
0.7310133
0.8614995
0.975252
0.6501152
0.6571822
0.1239831
0.2401574
0.6276669
0.5919082
0.7833648
0.909303
0.6523664
0.9304668
0.6249997
0.9831968
0.5322478
0.9249852
0.9185653
0.5842881
0.7329821
0.7330297
0.7896423
0.3565901
0.4530786
0.5468166
0.7133661
0.3594491
0.9015354
0.2800442
0.6017249
0.3917327
0.3175979
0.9707165
0.01825724
0.5553141
0.7854876
0.4403785
0.5475858
0.5169417
0.9564876
0.5440418
0.9902134
0.9773103
0.9636307
0.8830909
0.7913632
0.6464908
0.9529346
0.9754766
0.1991258
0.3617762
0.8324024
0.7367127
0.8841824
0.8869035
0.9890621
0.8345083
0.7770552
0.4202833
0.816761
0.8350799
0.9486661
0.8156133
0.6116824
0.9591143
0.7281834
0.5134755
0.6150069
0.9652869
0.8194164
0.7906983
0.5098762
0.5467859
0.8937685
0.8892369
0.9401072
0.3211204
0.8558095
0.8635689
0.8951532
0.6378588
0.8268503
0.5428841
0.4860166
0.9152492
0.8705159
0.8464682
0.8064691
0.543681
0.9774024
0.5545824
0.9564668
0.6045467
0.8967346
0.7997686
0.790359
0.7247667
0.59371
0.7825481
0.7074136
0.9627485
0.921105
0.8577579
0.9452437
0.7923875
0.8236909
0.6602502
0.668382
0.9674519
0.7828427
0.6079692
0.3483674
0.938375
0.7653015
0.8848768
0.5828649
0.4267307
0.5980949
0.8294426
0.7583967
0.702806
0.6261029
0.9407423
0.3391778
0.5915009
0.8098777
0.7708119
0.6569774
0.688177
0.6676632
0.4845963
0.4599739
0.9123614
0.7747117
0.3328224
0.7880065
0.7342822
0.668622
0.7666092
0.8703031
0.5921881
0.9945817
0.1319055
0.8430307
0.7629597
0.7907415
0.9528327
0.2454879
0.6019512
0.9358386
0.7720449
0.6034573
0.3401193
0.5139994
0.5574919
0.4568553
0.8760146
0.5723748
0.7856259
0.9946755
0.6144253
0.9766317
0.4463886
0.8102138
0.8141266
0.5867818
0.8534819
0.3519279
0.8454171
0.5809496
0.338625
0.8762678
0.9494282
0.7624282
0.6919885
0.7426582
0.9882569
0.7166281
0.6153587
0.4972977
0.7937313
0.440381
0.3566426
0.5481118
0.9789095
0.6276372
0.4471783
0.2139678
0.9862555
0.5547043
0.5148515
0.8378953
0.8675678
0.3698385
0.6500261
0.6412007
0.4508603
0.9424926
0.7603531
0.8013319
0.6632866
0.9047627
0.9421795
0.6175339
0.6476451
0.734909
0.9025367
0.6771801
0.357065
0.8689867
0.4759236
0.4813309
0.6817168
0.9976636
0.8895353
0.6521228
0.960108
0.8328274
0.8089835
0.6585422
0.6238872
0.8745445
0.8296138
0.790796
0.7729945
0.7516988
0.6411229
0.7880978
0.9007525
0.8563701
0.7799744
0.5937591
0.9138531
0.8658325
0.7277403
0.6272885
0.9180265
0.2146258
0.9585416
0.6074805
0.5881301
0.7814902
0.5431866
0.6353419
0.8243978
0.3667795
0.6363688
0.6465906
0.4872299
0.8373536
0.8984062
0.677819
0.6424459
0.7017425
0.9692143
0.9793521
0.4791886
0.729307
0.8654514
0.7587931
0.6901039
0.5784831
0.251119
0.6661212
0.8870525
0.997321
0.5994564
0.187374
0.5724372
0.5080788
0.6085311
0.7312783
0.4208469
0.725599
0.7735853
0.7572923
0.9139833
0.5148527
0.9042826
0.7127343
0.6354068
0.9540853
0.8235979
0.8404093
0.9023804
0.8957616
0.4031075
0.9222864
0.9831757
0.7092702
0.9145567
0.6961555
0.2018669
0.6062392
0.9964226
0.2186853
0.5696311
0.5712898
0.7056665
0.5644077
0.832001
0.9822748
0.5915411
0.8039788
0.8174152
0.4592727
0.701794
0.9527977
0.9728949
0.6221971
0.6213775
0.7967551
0.8839629
0.1114802
0.6810902
0.9772636
0.4329643
0.8626346
0.3008288
0.3337589
0.3125119
0.7917749
0.7556373
0.6220445
0.3786503
0.6022205
0.6041861
0.6575045
0.4692101
0.9561779
0.6536416
0.9491169
0.3644308
0.3626134
0.6029056
0.9261915
0.6548823
0.2210065
0.7630091
0.401462
0.7867518
0.181838
0.9673193
0.6456094
0.4823631
0.1947964
0.6775948
0.7880837
0.6801502
0.6767992
0.5473504
0.2686484
0.9532826
0.8250454
0.8421935
0.6577717
0.7949095
0.7798939
0.4561326
0.7966055
0.9588475
0.618122
0.7202539
0.7010938
0.402217
0.8528375
0.1100946
0.6676019
0.3453477
0.9360169
0.7562458
0.787599
0.7529534
0.7144076
0.6383455
0.501444
0.8711599
0.7797268
0.4942712
0.9755121
0.1486782
0.9168358
0.999852
0.478571
0.7497739
0.9571536
0.5055828
0.7326475
0.7998401
0.4848389
0.9293051
0.9383985
0.8583783
0.4787811
0.7250512
0.5958035
0.9979743
0.8325105
0.880307
0.9998757
0.6335349
0.3813489
0.4011142
0.7915915
0.8278945
0.9510467
0.6082122
0.9688566
0.9137152
0.6961123
0.871544
0.5690046
0.7246287
0.8380919
0.8548657
0.9695896
0.6960451
0.9637095
0.7281743
0.7842755
0.8985121
0.6830483
0.6853513
0.9254374
0.959452
0.8145158
0.8379114
0.791603
0.7228764
0.6109285
0.8501495
0.2893814
0.7827466
0.5927051
0.1658486
0.9715455
0.8942355
0.970316
0.9186505
0.5243344
0.6060508
0.4753641
0.5067552
0.953652
0.1129947
0.9147557
0.8581573
0.5429291
0.6957508
0.7414016
0.7728134
0.6656112
0.4825781
0.6110475
0.8475177
0.7008122
0.8322483
0.9678504
0.5064379
0.09830848
0.001043096
0.4918559
0.4430348
0.2132168
0.9762147
0.637479
0.9012396
0.7846762
0.9242532
0.7194009
0.9764319
0.8519922
0.842107
0.6900332
0.3387127
0.5205483
0.6973461
0.6245227
0.643589
0.6062638
0.6024802
0.9404921
0.6466754
0.9733074
0.929942
0.9849802
0.9844947
0.6366242
0.05515925
0.8716065
0.6954277
0.4014379
0.3514737
0.9516525
0.991162
0.705359
0.9234735
0.5393711
0.3200887
0.7820547
0.6756121
0.4650796
0.3040207
0.8025906
0.5081774
0.3350512
0.9583235
0.552515
0.3105162
0.06943412
0.9519418
0.9931501
0.9800674
0.9706888
0.7685303
0.9476352
0.9377325
0.9781906
0.968279
0.5436491
0.4556719
0.4936247
0.9255334
0.868781
0.4855301
0.7637193
0.8291093
0.8901929
0.8133047
0.2568794
0.2210563
0.5862307
0.4766881
0.7237235
0.8964397
0.8506125
0.6573593
0.7757293
0.5194409
0.1296704
0.2536685
0.4428607
0.3919167
0.3183404
0.9272617
0.8916744
0.7826225
0.5763514
0.9750176
0.8881479
0.6659608
0.373808
0.7108686
0.7815752
0.4331351
0.3624261
0.8397292
0.8153656
0.867401
0.596382
0.7908789
0.8250697
0.9067945
0.9926655
0.5694852
0.7272306
0.5719776
0.6310556
0.8832835
0.8918737
0.5689791
0.904914
0.4020096
0.9827783
0.9087023
0.3123108
0.6833308
0.9246661
0.6625634
0.7570324
0.8914207
0.7523747
0.5531566
0.5188049
0.8831112
0.700901
0.9613149
0.5705213
0.6905312
0.9356016
0.9478743
0.5356297
0.8897375
0.4340114
0.5867857
0.7589474
0.2520798
0.314606
0.2808739
0.7585259
0.8773191
0.7369055
0.7310525
0.7550035
0.07487833
0.9217553
0.8421233
0.6555096
0.7715205
0.7666986
0.9355858
0.989247
0.8019934
0.7203627
0.7981903
0.6304234
0.6589075
0.5712396
0.5096978
0.8277179
0.5099764
0.5276295
0.775953
0.4807828
0.3228129
0.9754947
0.5014984
0.9179434
0.7803356
0.2004417
0.4787862
0.6725934
0.606067
0.9099805
0.6959245
0.7752796
0.4647157
0.9149439
0.9707863
0.363118
0.8089443
0.8924005
0.9958563
0.7128946
0.757523
0.865002
0.7753851
0.9349752
0.594186
0.9785479
0.6555246
0.9412598
0.7894182
0.3569786
0.6541413
0.8356748
0.3926409
0.2138284
0.7829747
0.7744436
0.5746517
0.6847924
0.6860742
0.9184319
0.4011429
0.8947594
0.2321333
0.6515402
0.835923
0.91593
0.4345331
0.5207238
0.8258796
0.6269325
0.3597969
0.5602574
0.6004869
0.538213
0.5849136
0.8839946
0.8818357
0.7720109
0.5936608
0.9202321
0.8740736
0.6270246
0.7375176
0.9671835
0.9107234
0.01337232
0.8475238
0.596799
0.3579954
0.545634
0.8565183
0.244182
0.7352498
0.6903673
0.8097878
0.8598469
0.7768936
0.8657738
0.2068346
0.327774
0.4854265
0.6927955
0.9372683
0.9305755
0.9935651
0.3356266
0.68054
0.6774196
0.984759
0.7519127
0.8900607
0.6414315
0.9758559
0.803803
0.8247247
0.9911372
0.6830114
0.4231319
0.0005706246
0.9581022
0.4115467
0.7698164
0.8730494
0.9871377
0.7541751
0.1491816
0.6692714
0.90393
0.619996
0.6416421
0.7972762
0.3145374
0.8145905
0.7320335
0.7587976
0.8321995
0.6101439
0.3904064
0.7493818
0.924158
0.864309
0.9021139
0.753596
0.2765861
0.4281803
0.9084265
0.8514283
0.508226
0.8802732
0.7409885
0.852228
0.9691087
0.7263472
0.9686962
0.6251484
0.2933606
0.422837
0.7816851
0.1971004
0.9123534
0.4692801
0.9022586
0.8898802
0.7246964
0.9744226
0.6025653
0.5049394
0.7160691
0.04373975
0.5651952
0.5934943
0.708862
0.8721547
0.4466672
0.4303568
0.9278737
0.8103658
0.880535
0.4367226
0.8422454
0.985491
0.981091
0.5435362
0.9108195
0.7225504
0.1730674
0.6399695
0.6330541
0.8036628
0.9035438
0.4243322
0.6235322
0.8462091
0.5845052
0.5712896
0.7575213
0.6955184
0.6472668
0.9700833
0.5640734
0.6226198
0.2707982
0.7563779
0.3781783
0.6862164
0.6790899
0.9628158
0.9349178
0.9540655
0.4130877
0.8992789
0.7905174
0.6691758
0.5578395
0.5643161
0.9926595
0.3521941
0.981364
0.5591101
0.7885803
0.999488
0.899268
0.5944998
0.8048272
0.4920214
0.8794443
0.199163
0.5853919
0.1179001
0.8903298
0.7518056
0.8791638
0.775807
0.6831771
0.8143282
0.9627704
0.5927746
0.7473438
0.9704546
0.8920623
0.9829597
0.9971713
0.879712
0.6250054
0.3735529
0.9921368
0.4532641
0.7394059
0.5887326
0.800271
0.5780042
0.5495213
0.690081
0.5365586
0.9516357
0.9735495
0.6817748
0.959676
0.8795309
0.7428281
0.7620649
0.6904625
0.6904615
0.9780034
0.9692941
0.7435543
0.9619585
0.9764022
0.9499102
0.881125
0.5071461
0.7295158
0.9400318
0.1684988
0.7675354
0.694304
0.6528599
0.5544293
0.6351633
0.9587132
0.8018715
0.9745184
0.8061269
0.7461374
0.2609564
0.6942106
0.7570199
0.5292976
0.2728809
0.7682169
0.6629171
0.5488101
0.7826308
0.7362314
0.7248934
0.3246141
0.8705105
0.8344458
0.7224186
0.5436667
0.5642732
0.7773156
0.9335851
0.9088388
0.4475019
0.9221959
0.8234449
0.6137278
0.5811917
0.4845894
0.9467748
0.5785038
0.8914303
0.5433108
0.7971265
0.9129746
0.3093168
0.8232351
0.8170197
0.4200556
0.919864
0.8510418
0.5247081
0.9390236
0.8927445
0.9997412
0.9238975
0.927975
0.82838
0.6298182
0.7012603
0.9678288
0.4499588
0.2510377
0.4025506
0.6882708
0.8931436
0.8220391
0.8770297
0.1150184
0.8171166
0.6288553
0.7916376
0.9565046
0.8199214
0.9444208
0.6916771
0.9283749
0.7072838
0.5621254
0.8987434
0.5381014
0.7279367
0.8453622
0.6778745
0.9624588
0.7758445
0.6478945
0.5271067
0.9624731
0.8104663
0.4042035
0.8727577
0.7685761
0.614578
0.2796655
0.9782234
0.9842915
0.7366735
0.964937
0.8359695
0.4994863
0.7735194
0.7376822
0.6581924
0.8917286
0.5528897
0.7896619
0.5483614
0.7444872
0.8422224
0.573632
0.5953675
0.6344202
0.7921999
0.8851344
0.842929
0.8173485
0.8758955
0.5225991
0.9872177
0.8030135
0.1564825
0.4288319
0.7809325
0.6824424
0.4671194
0.5387353
0.9074781
0.6715196
0.5889877
0.5977521
0.8523486
0.6492334
0.7771819
0.8713124
0.7156423
0.5346277
0.493057
0.8273652
0.5271544
0.1883162
0.3540969
0.2309706
0.9100338
0.3655736
0.7497326
0.8459215
0.7988865
0.9950916
0.5639552
0.7051257
0.8862874
0.9491214
0.9107381
0.9197168
0.8731088
0.4382764
0.6678661
0.812756
0.6395534
0.6850918
0.7654292
0.2100203
0.3529815
0.8490444
0.6797611
0.5024396
0.7026874
0.6801392
0.9573222
0.7464098
0.463415
0.8161746
0.8864135
0.3693718
0.8114595
0.5870377
0.9412777
0.3916499
0.8502281
0.7609605
0.482459
0.957063
0.02030413
0.6453528
0.5127825
0.5533955
0.5961062
0.9741711
0.7790336
0.9223672
0.9187427
0.9962392
0.9266058
0.4574057
0.4112497
0.6923847
0.6373613
0.6604341
0.6966813
0.6839756
0.5895393
0.4266716
0.875341
0.1605819
0.9627547
0.5230527
0.9768092
0.5614133
0.7219864
0.9199285
0.9617599
0.6574859
0.4836335
0.6577868
0.9756622
0.5174126
0.7996761
0.2868177
0.9143539
0.9997274
0.9204025
0.08409394
0.8388903
0.4931435
0.5961193
0.9447424
0.7822784
0.7427974
0.2403799
0.506681
0.4368097
0.8893669
0.8982567
0.7736469
0.8262658
0.9959868
0.7526944
0.9214897
0.8791233
0.9729567
0.9900521
0.9439581
0.5897827
0.8518632
0.3547529
0.5575832
0.6775107
0.6317159
0.8931931
0.6674345
0.5686226
0.4217786
0.8911173
0.7984504
0.2332445
0.9939756
0.5677433
0.3142308
0.5868846
0.6522534
0.3586492
0.9680487
0.1435493
0.8460369
0.470012
0.9206964
0.8325781
0.6626044
0.8350357
0.4043546
0.2632448
0.5948504
0.9129437
0.6035505
0.9318119
0.6723681
0.6549841
0.7475259
0.7673117
0.5436463
0.8309272
0.4601383
0.7962743
0.9214095
0.6998654
0.4906552
0.6676273
0.670559
0.6793833
0.9355649
0.6626048
0.8092715
0.8557767
0.7972978
0.982454
0.9216506
0.8671908
0.9909252
0.9069617
0.5616849
0.7110832
0.9472172
0.8910028
0.7665813
0.7964392
0.7766347
0.7567955
0.7330453
0.9667564
0.7984548
0.8345423
0.4934282
0.712814
0.7363229
0.2937728
0.5350372
0.4178219
0.9644287
0.9813261
0.7619644
0.6270781
0.3887305
0.6181984
0.8686346
0.2840273
0.6046341
0.9079115
0.8614379
0.6860887
0.7418795
0.994138
0.4511651
0.738484
0.9885008
0.7103354
0.6172998
0.5380961
0.8105982
0.7633851
0.7154104
0.6656494
0.7211068
0.6832443
0.7464669
0.4688451
0.7483968
0.4885397
0.9959677
0.5329831
0.6176114
0.6378634
0.4461221
0.8313621
0.9594309
0.5547033
0.7303079
0.5155659
0.9836462
0.8306912
0.8249733
0.3891346
0.9445413
0.7811054
0.695675
0.4714327
0.9098692
0.6507604
0.3216653
0.02232561
0.9787586
0.7713834
0.9087177
0.3839644
0.4357955
0.7386263
0.9546609
0.6653856
0.3788522
0.3879048
0.9578688
0.9729793
0.7178141
0.7682034
0.02575183
0.5012843
0.8722388
0.9414663
0.922849
0.7995496
0.5728645
0.9742739
0.6907512
0.9730832
0.8008553
0.847518
0.4256013
0.2672853
0.624652
0.7403861
0.8430495
0.5578125
0.9272669
0.8857615
0.3413548
0.8556825
0.4113073
0.9877546
0.6198271
0.9773754
0.8588717
0.5537156
0.8517966
0.6247318
0.4485629
0.8546035
0.7157875
0.7449165
0.6056448
0.3427606
0.2562441
0.1695691
0.8627054
0.8047605
0.5906065
0.6311392
0.4742371
0.8804254
0.3981658
0.6749015
0.5134674
0.9756641
0.7750117
0.5428716
0.1927522
0.2954319
0.7568416
0.7681848
0.7117084
0.4410137
0.4530453
0.7481836
0.511357
0.2689275
0.3388062
0.4853053
0.5019649
0.4766228
0.8339027
0.7131882
0.60927
0.6867147
0.4625241
0.7726341
0.8656608
0.8078274
0.8487367
0.6163303
0.7021799
0.938256
0.6721753
0.7630193
0.9621605
0.8113989
0.9488807
0.6252672
0.9549955
0.428473
0.9787437
0.9575169
0.9313509
0.5112707
0.6804629
0.6102644
0.8629334
0.5084281
0.6831255
0.7376912
0.4470748
0.7555695
0.37196
0.7424211
0.8451041
0.8760297
0.9143487
0.4449378
0.9599328
0.7663372
0.7355966
0.8620833
0.5125256
0.9627138
0.7951885
0.9762238
0.9554109
0.5925376
0.6005261
0.5265534
0.993266
0.6403469
0.6346508
0.9255806
0.8526193
0.8076162
0.505913
0.4612058
0.5084216
0.8917723
0.5454121
0.7013946
0.6831733
0.5529198
0.8155224
0.8351447
0.6606118
0.3700975
0.9717219
0.3621261
0.6417309
0.7277194
0.08832412
0.6095318
0.5847018
0.9764555
0.7840031
0.5658167
0.5244317
0.5283022
0.4699313
0.6945259
0.3970886
0.9483338
0.9758363
0.4029437
0.7522734
0.8117984
0.6968961
0.9386633
0.7836806
0.670446
0.8567123
0.6467689
0.8861465
0.9179045
0.6682196
0.633135
0.754421
0.43292
0.9773302
0.4084019
0.9555057
0.9855949
0.8837908
0.3746514
0.980897
0.6173223
0.8966977
0.9286678
0.9069691
0.1385161
0.8763191
0.6186209
0.879063
0.902413
0.5741206
0.7453203
0.7366137
0.5177586
0.9453576
0.9364602
0.9477958
0.7322381
0.5504579
0.9590953
0.630598
0.7687131
0.4207256
0.6487125
0.6356781
0.2546722
0.9110608
0.8093098
0.01258695
0.6827958
0.9622942
0.9647133
0.2494689
0.2659208
0.9044749
0.7434393
0.03910007
0.9659458
0.4130621
0.8745116
0.1354603
0.4167142
0.3629337
0.8255747
0.7903283
0.8959064
0.5942559
0.8386275
0.4564099
0.8904014
0.4368737
0.6311866
0.6224271
0.614562
0.8255473
0.8543196
0.6374826
5.84962e-09
0.9119888
0.7534007
0.452785
0.6748438
0.9019907
0.9236465
0.6992498
0.8848635
0.8296572
0.8185903
0.7621823
0.2999377
0.4855139
0.8509377
0.6944201
0.3472124
0.792968
0.3612184
0.5703961
0.8546593
0.826774
0.7167968
0.982356
0.9455953
0.6866148
0.3769723
0.7269953
0.6299125
0.9830712
0.2862503
0.7697367
0.9025057
0.2438684
0.697537
0.6557706
0.9307421
0.9678452
0.403714
0.9503735
0.8199953
0.7698009
0.6932379
0.8105039
0.6234134
0.8544586
0.9830683
0.4126549
0.9723282
0.757915
0.5652965
0.507155
0.8950536
0.731648
0.8523375
0.9455885
0.3674283
0.4848772
0.3408238
0.7825677
0.7176638
0.7970987
0.7831184
0.8616891
0.7292985
0.8421725
0.8827225
0.8207847
0.7138914
0.3567853
0.9613409
0.695699
0.7293383
0.9306788
0.5889383
0.1618423
0.8774644
0.8670197
0.7775898
0.9742755
0.3545999
0.8669132
0.1408069
0.746009
0.4657489
0.8235714
0.2272856
0.3975968
0.6343495
0.905069
0.8634612
0.3921935
0.5998614
0.9968168
0.8603508
0.8750318
0.5734963
0.8568029
0.3910895
0.6740742
0.5263575
0.890738
0.3731666
0.8304337
0.8012305
0.5960827
0.9980755
0.8205578
0.6147399
0.6292671
0.9037098
0.5067107
0.9348509
0.7238293
0.5023869
0.9450641
0.7879763
0.1965139
0.3600435
0.8440223
0.7357475
0.9643778
0.8876903
0.6694354
0.8671136
0.9145566
0.9759296
0.3024122
0.8873259
0.4858805
0.2303001
0.5616779
0.6031451
0.1928338
0.9889408
0.9963583
0.7738873
0.6003094
0.7285618
0.7319483
0.3749364
0.7272697
0.6040176
0.3117314
0.5922514
0.8321611
0.9928922
0.3731444
0.5412009
0.7789281
0.4960992
0.6036535
0.3974912
0.6907687
0.8983907
0.8556005
0.4708962
0.5810447
0.9184955
0.4699722
0.6278491
0.838315
0.6645184
0.7565315
0.6765183
0.6074541
0.6834873
0.9939426
0.8400198
0.7688358
0.7841685
0.9255217
0.3429159
0.7434426
0.660055
0.8301827
0.6736281
0.8753952
0.4979965
0.6737886
0.7872339
0.8419697
0.6524541
0.5830659
0.464567
0.9597587
0.5485061
0.8330742
0.5499607
0.8195229
0.5262554
0.8752306
0.742134
0.9558079
0.9759487
0.812498
0.174522
0.7009975
0.9543927
0.3831382
0.9579476
0.9633583
0.6256251
0.9583841
0.8551823
0.5136944
0.4645426
0.4038447
0.4394188
0.6930697
0.8931498
0.6604359
0.9386227
0.5313765
0.5409052
0.5897059
0.3866171
0.9674484
0.7905468
0.4908821
0.3883764
0.9309871
0.9809619
0.9005498
0.3221852
0.9968726
0.8532406
0.8423168
0.6648098
0.8829663
0.760783
0.8144738
0.9983879
0.8543553
0.9111076
0.6344496
0.1707714
0.5611867
0.7385057
0.8779992
0.7952496
0.5682606
0.8807607
0.630363
0.641335
0.3840169
0.6906539
0.474855
0.8372091
0.798282
0.7558925
0.450519
0.5401552
0.8274758
0.3916457
0.4152566
0.892745
0.6430231
0.850385
0.6799484
0.3552949
0.8414315
0.7978739
0.731546
0.7405652
0.5937487
0.784405
0.5700596
0.3396231
0.926119
0.4867695
0.9704365
0.4999382
0.6729214
0.4197683
0.9145478
4.592862e-07
0.5831456
0.9587335
0.9789417
0.8102231
0.8874979
0.2228676
0.6487083
0.4795841
0.6351974
0.9623375
0.3681129
0.9459705
0.7308884
0.4029998
0.9498846
0.9197546
0.5901643
0.8885863
0.9954985
0.987324
0.7966337
0.9191534
0.9021466
0.9236117
0.4832295
0.8091279
0.8831251
0.7932839
0.5535449
0.8053919
0.7954439
0.3985937
0.7888008
0.5987339
0.804424
0.5175484
0.9649524
0.8004084
0.5408434
0.8468501
0.2314183
0.6488993
0.9752749
0.7505579
0.7330892
0.4579555
0.7477209
0.7361561
0.8639721
0.974924
0.970576
0.3848013
0.6971489
0.8296268
0.6899775
0.7593372
0.3428181
0.9946026
0.9094838
0.9450207
0.9221258
0.4260721
0.5082226
0.9773608
0.8525917
0.4004168
0.5973335
0.6895058
0.7991214
0.8462309
0.3566773
0.466044
0.5109892
0.8597811
0.8445199
0.7504266
0.5524549
0.3762211
0.7254049
0.5581288
0.2822248
0.6268241
0.4574418
0.9567501
0.4587099
0.6716612
0.893337
0.7348019
0.2542954
0.1672458
0.8331041
0.162322
0.4440717
0.4521398
0.9741871
0.84557
0.9960603
0.2964481
0.7528903
0.2714235
0.6794356
0.8633197
0.5849642
0.7764784
0.6719321
0.9635746
0.7841995
0.7553561
0.6811396
0.925686
0.8943098
0.8068147
0.9296113
0.5261168
0.7680319
0.2671393
0.7843909
0.7483292
0.763534
0.6520113
0.5778475
0.4404257
0.7813744
0.8133073
0.9056836
0.6112588
0.5345883
0.9999505
0.7212676
0.1282618
0.9094511
0.8733547
0.9405493
0.6970954
0.9401505
0.4822603
0.6566664
0.9011785
0.8832724
0.4147982
0.5704159
0.4701475
0.566657
0.6870605
0.6121469
0.7565955
0.8837966
0.477521
0.6566044
0.8636139
0.6084976
0.680295
0.5077241
0.4563951
0.8838621
0.7762954
0.6989054
0.411767
0.5725352
0.0510643
0.6297597
0.5674045
0.6262003
0.8255029
0.9470248
0.1745283
0.6791402
0.529407
0.8387269
0.9121892
0.7358656
0.9192365
0.7061437
0.73133
0.2272975
0.9268078
0.7951291
0.7654472
0.04921453
0.6947863
0.785957
0.5072827
0.8205455
0.696898
0.2588696
0.6291865
0.5488794
0.425376
0.721229
0.6906305
0.9455725
0.8311155
0.9418433
0.8934656
0.8790065
0.5459131
0.9815143
0.5488248
0.5173918
0.6185898
0.6364289
0.9463138
0.461541
0.8844106
0.5474286
0.7355928
0.5593887
0.966319
0.2235872
0.6792398
0.8019158
0.935877
0.8840154
0.3880547
0.8649603
0.5471781
0.1243732
0.1376912
0.8499408
0.3594194
0.4181392
0.7680213
0.9118578
0.7793797
0.7896787
0.2116626
0.7094056
0.6551871
0.9383694
0.9104143
0.7797552
0.9569966
0.5323972
0.5194704
0.8750131
0.7193871
0.7866893
0.4208659
0.4722084
0.8754145
0.9130297
0.6723189
0.8791153
0.8294911
0.5625515
0.8652171
0.9230741
0.5083604
0.4685796
0.6873261
0.6819144
0.962535
0.8901036
0.6365344
0.2342918
0.7919465
0.7370583
0.8787341
0.9885739
0.8578462
0.2931167
0.3934682
0.3376013
0.7692746
0.9510106
0.9979413
0.4409317
0.9545761
0.7413556
0.5820427
0.7632808
0.8621755
0.4913536
0.5231546
0.1596631
0.6420951
0.4369793
0.8614666
0.6790914
0.9703673
0.9738938
0.8163425
0.3773864
0.7816093
0.9518346
0.7883136
0.5010101
0.8577045
0.5637058
0.7425662
0.3668676
0.1395478
0.6914397
0.9771765
0.9967084
0.3633099
0.9242798
0.6064092
0.4915658
0.8541029
0.2508552
0.3048043
0.4234061
0.8229946
0.7942971
0.6959484
0.6723851
0.9978744
0.2387959
0.4127425
0.7925534
0.6470781
0.8669001
0.6569566
0.9875886
0.9621272
0.8210563
0.9454499
0.8786037
0.9622736
0.8046486
0.8408978
0.8741662
0.3619508
0.6780859
0.768471
0.9219751
0.9406248
0.04860137
0.8999488
0.6193659
0.7551002
0.7418154
0.7116959
0.3704441
0.02664778
0.8504549
0.4424325
0.7447241
0.7289306
0.7080736
0.8551377
0.5461318
0.1222679
0.6274129
0.9207933
0.6427137
0.6903359
0.4593275
0.5479686
0.466372
0.5180676
0.7987999
0.5918352
0.4752808
0.960039
0.7013516
0.5754926
0.8733516
0.4652292
0.9825589
0.8971242
0.5700428
0.9465602
0.732028
0.3922464
0.618248
0.5320566
0.7619777
0.5687633
0.9782638
0.9801373
0.9831456
0.858996
0.9131179
0.8179269
0.6129363
0.9990137
0.435538
0.756806
0.981137
0.7386558
0.2934181
0.5161397
0.5896486
0.9337476
0.486387
0.6269718
0.809264
0.7956627
0.4677683
0.876412
0.5564566
0.7275433
0.9839113
0.7346774
0.8359229
0.7121041
0.8579746
0.7719314
0.6628483
0.7069201
0.6898277
0.643393
0.7085702
0.9996434
0.8711756
0.6567401
0.9583379
0.9690399
0.616099
0.938692
0.7370483
0.808424
0.4577387
0.2870629
0.8881787
0.6935746
0.5700303
0.4910222
0.8551375
0.8733755
0.8505581
0.7380277
0.9271636
0.5799389
0.4833092
0.4668384
0.9073772
0.7400166
0.3425748
0.8346731
0.1902867
0.5938856
0.9308378
0.4778966
0.3870839
0.7031431
0.6022108
0.6804348
0.7280938
0.8530492
0.7534341
0.2324852
0.9875291
0.4827766
0.3088012
0.8321456
0.4451827
0.7331598
0.9921528
0.6287935
0.07152452
0.8362504
0.8707994
0.9689221
0.7841459
0.34914
0.4080132
0.9269463
0.820574
0.2216179
0.9418793
0.7964857
0.8199539
0.746329
0.6526871
0.8759098
0.752463
0.6253118
0.6130147
0.6969884
0.555875
0.8101806
0.5233372
0.7525098
0.09502633
0.6746764
0.6160398
0.892468
0.9120128
0.9304942
0.5764723
0.8959634
0.7479538
0.8345001
0.5685358
0.1496818
0.7422997
0.5890265
0.5266792
0.8737978
0.9498568
0.7661293
0.9736727
0.5264762
0.9462097
0.5825551
0.4760729
0.5953442
0.2174198
0.9714826
0.8615085
0.8271926
0.7190393
0.9270886
0.9476895
0.8312175
0.7614768
0.7094915
0.7573364
0.7977227
0.7141304
0.7827962
0.7539752
0.4354305
0.5093594
0.9872226
0.6808545
0.3530946
0.4883858
3.184419e-05
0.6293097
0.9347599
0.4033372
0.5362235
0.9481353
0.6978605
0.5343764
0.6777121
0.9291053
0.9910848
0.6266762
0.5219819
0.8781021
0.6965368
0.8487165
0.3081424
0.653891
0.8460589
0.8992554
0.4163854
0.5504022
0.7174948
0.7638192
0.7728111
0.5773511
0.8490087
0.7959405
0.9414048
0.6201386
0.853853
0.9784129
0.6993029
0.7574247
0.8494351
0.747172
0.8302011
0.427639
0.8367184
0.3869788
0.6985593
0.9455308
0.7806314
0.8960396
0.9737838
0.8999695
0.8851219
0.636624
0.9006582
0.2880112
0.8437999
0.7253797
0.7559896
0.7262995
0.8043744
0.9663617
0.6680421
0.3796088
0.7746633
0.7580833
0.8163524
0.6414604
0.1383587
0.8077973
0.6509327
0.1550039
0.8991547
0.4939348
0.3408206
0.776905
0.3986006
0.8786143
0.8341352
0.6609953
0.6765304
0.4832086
0.7886956
0.2867727
0.8491425
0.4807401
0.9884725
0.2035928
0.8178018
0.8919575
0.679946
0.3708261
0.8554359
0.9473728
0.6154123
0.9217367
0.8828004
0.6063062
0.8227587
0.9459971
0.03142648
0.9334575
0.2318495
0.971291
0.9527989
0.9057072
0.7670131
0.5198992
0.8240281
0.8625829
0.9992916
0.9297041
0.8034101
0.4459881
0.6364917
0.7562061
0.4394123
0.6634502
0.9040168
0.5695482
0.6635938
0.8816787
0.8985549
0.5974638
0.3662056
0.6190054
0.7774033
0.8314456
0.7293878
0.7277245
0.5869007
0.858623
0.8349803
0.7642108
0.4373435
0.8442918
0.5598132
0.9703365
0.3043762
0.9129779
0.661585
0.6377249
0.2204121
0.6933214
0.5411248
0.2926518
0.6441671
0.9513831
0.7525634
0.8205132
0.8336997
0.8538377
0.819151
0.8881175
0.847113
0.5918592
0.07889258
0.4266112
0.5785711
0.4595243
0.5734829
0.7465854
0.3862493
0.5702479
0.463056
0.602077
0.7869141
0.4928778
0.8544838
0.2471976
0.7838228
0.7357919
0.7610487
0.4268906
0.6654091
0.6336488
0.9299054
0.7001448
0.9246263
0.7121019
0.8294001
0.7744452
0.6782811
0.821308
0.7795863
0.7144457
0.7828464
0.5495836
0.9308232
0.8837853
0.9992631
0.04768312
0.1453967
0.0360591
0.5996775
0.5797588
0.5953382
0.9464995
0.637358
0.4487878
0.8640297
0.6266847
0.8311979
0.813091
0.6847387
0.3796632
0.982757
0.8424607
0.6619558
0.7211888
0.5858422
0.5036632
0.7408084
0.5288232
0.957235
0.9895012
0.8853211
0.3298082
0.9418972
0.8972987
0.9017968
0.8401165
0.3313287
0.6431034
0.2658332
0.9807899
0.5049207
0.6110765
0.7930352
0.7761407
0.5673301
0.5888732
0.9498764
0.4294239
0.9831054
0.5284322
0.4659978
0.3909899
0.7624333
0.831389
0.827683
0.9032919
0.9762646
0.7671769
0.791987
0.9932296
0.8887133
0.7810652
0.9519539
1.82498e-07
0.4635574
0.9402432
0.61184
0.7770711
0.750386
0.3275882
0.7912688
0.6473319
0.7194594
0.1376876
0.8245027
0.8885913
0.9498887
0.6393972
0.8774958
0.5384727
0.02156842
0.8045155
0.6766925
0.4798743
0.7758217
0.6008838
0.3714587
0.7370689
0.6855056
0.5244075
0.8530267
0.66573
0.7214052
0.6684003
0.8852965
0.8061227
0.3802765
0.7625114
0.6043463
0.9428702
0.5338252
0.7808331
0.533614
0.8753685
0.6884107
0.9304027
0.6075026
0.7832723
0.7142409
0.7098859
0.2679513
0.8680717
0.3374651
0.8986967
0.8537977
0.8394014
0.5407011
0.8454591
0.9590648
0.7487738
0.3985259
0.3971083
0.9839132
0.009789741
0.7292449
0.4766244
0.7105336
0.9514197
0.4773271
0.6023643
0.6639275
0.5238288
0.4154449
0.8179847
0.5588046
0.5499596
0.3840197
0.5202058
0.6023789
0.83002
0.8930346
0.3441105
0.3950417
0.2437403
0.768126
0.9566345
0.5954503
0.6383068
0.7443247
0.7686826
0.7215151
0.9883591
0.6572871
0.8392765
0.4428085
0.3818809
0.8624629
0.8916437
0.4048286
0.6171542
0.6832655
0.7030556
0.6704304
0.4800262
0.9293857
0.5996772
0.5351893
0.9300264
0.7974006
0.5706652
0.914535
0.789741
0.7097698
0.6296862
0.9478952
0.9287413
0.8110663
0.4230716
0.844873
0.7767999
0.7514379
0.6658385
0.8267703
0.9191331
0.9385036
0.7628159
0.9051857
0.5824052
0.6889548
0.6500927
0.5487543
0.8945354
0.1336441
0.4656362
0.7116687
0.746305
0.4505335
0.8104188
0.3149089
0.6226321
0.7673031
0.7857375
0.7932091
0.7733578
0.6199944
0.9136865
0.9272441
0.6869742
0.8017276
0.6191466
0.306307
0.914169
0.3953047
0.7486399
0.2109562
0.8536418
0.9573336
0.2867479
0.8898585
0.455521
0.9275371
0.9955946
0.985241
0.2687717
0.3942029
0.4588562
0.6225924
0.9251615
0.9372928
0.7746123
0.1432175
0.7579285
0.6281806
0.7357588
0.4604341
0.5681598
0.1894739
0.9129531
0.7506639
0.4253768
0.6156808
0.9897232
0.8952149
0.7180554
0.755908
0.7681647
0.2019947
0.9909626
0.9359169
0.6175629
0.6027525
0.9386962
0.3497026
0.5316622
0.7088204
0.7958306
0.7375215
0.972272
0.9712983
0.5416182
0.5715711
0.255716
0.3389727
0.5255843
0.1967265
0.8851635
0.8605942
0.7088039
0.7258101
0.8838162
0.784342
0.4465622
0.4324906
0.352905
0.7745575
0.5844588
0.464435
0.8679019
0.9861429
0.5147562
0.5562361
0.5807875
0.987193
0.7407714
0.66517
0.9235744
0.9014553
0.1676962
0.5400702
0.9737473
0.8782055
0.6989797
0.4681452
0.9886111
0.2544525
0.6260664
0.8464853
0.8902661
0.8904282
0.7529743
0.9801105
0.8834083
0.7498948
0.2263242
0.8561782
0.5132688
0.7576413
0.9289772
0.7178368
0.9523791
0.333851
0.9019099
0.5036358
0.717071
0.5518446
0.6214461
0.9148348
0.4469099
0.6778203
0.5748583
0.5246491
0.6578827
0.8981982
0.4871958
0.8209559
0.8520555
0.6529522
0.6385329
0.5047088
0.6632154
0.7187771
0.3961404
0.8807872
0.4498473
0.3594139
0.9040662
0.8879271
0.2656538
0.3831234
0.7078445
0.3837496
0.6392068
0.8276438
0.6448253
0.7283107
0.9183421
0.9168857
0.8959483
0.9386251
0.3938611
0.9587877
0.6781064
0.6611429
0.4704081
0.3947494
0.9203525
0.973446
0.3081344
0.8238612
0.3717052
0.9159395
0.7783233
0.88519
0.7668377
0.7786428
0.9570025
0.7302141
0.487429
0.1649829
0.3758363
0.5284974
0.5399293
0.895737
0.9775651
0.9040485
0.7310859
0.8019196
0.2564448
0.5804005
0.7862262
0.6981353
0.9532631
0.9394082
0.8514762
0.6893409
0.9649885
0.8342725
0.9789127
0.262162
0.587911
0.5125268
0.675163
0.834546
0.6190505
0.682534
0.5882543
0.9446027
0.9517355
0.6507707
0.3843
0.9265456
0.8336543
0.9124386
0.5217816
0.374207
0.7433428
0.6344873
0.3377495
0.7447839
0.7621485
0.3148201
0.8651129
0.8605309
0.02418722
0.5338905
0.6438836
0.8295276
0.7286299
0.8477726
0.1642613
0.3465046
0.6877373
0.631014
0.0825884
0.6663407
0.9450304
0.487964
0.8884917
0.7973004
0.9113527
0.783281
0.6279114
0.1698075
0.5943861
0.8341103
0.6886041
0.5503613
0.9452408
0.5060182
0.1493083
0.6256647
0.9076011
0.9906814
0.3966438
0.8712545
0.5443398
0.9783778
0.8415221
0.591251
0.1894755
0.8420264
0.5790919
0.528079
0.9515896
0.8462872
0.8199008
0.8704783
0.9932272
0.5978401
0.350858
0.9181221
0.574407
0.6650372
0.2486579
0.8576657
0.6500045
0.8371943
0.2784068
0.8471526
0.882456
0.6699276
0.8584013
0.8568192
0.7699474
0.7520518
0.5074129
0.8087779
0.4808298
0.5486427
0.8271044
0.5767706
0.8941053
0.9499983
0.8405706
0.5080586
0.8990282
0.6996838
0.4936557
0.8610738
0.8093725
0.7202304
0.1735968
0.7721199
0.94647
0.4272169
0.9300986
0.7839071
0.6145761
0.8648846
0.6841009
0.5115215
0.3958486
0.6420457
0.7070465
0.4991572
0.9089272
0.486141
0.8880255
0.221048
0.4983032
0.8880588
0.8575478
0.6453092
0.9387838
0.4874233
0.4366644
0.9022697
0.9649343
0.4104669
0.8049569
0.7658157
0.2739986
0.2501008
0.5134369
0.6698074
0.766692
0.7323146
0.8388315
0.6361502
0.1758356
0.6762206
0.9404396
0.7434028
0.3539534
0.6040571
0.7246753
0.8317081
0.8064431
0.8979787
0.1503581
0.7054255
0.7755322
0.671574
0.6066078
0.6835429
0.6400813
0.6617622
0.8868143
0.7799999
0.4240473
0.6437867
0.737463
0.4382612
0.6531721
0.5800128
0.5208938
0.9752876
0.7015145
0.8151264
0.8860127
0.7885979
0.98753
0.9316297
0.5647904
0.7505538
0.8648448
0.6071905
0.6052028
0.9744604
0.1884407
0.2454957
0.6772566
0.4408437
0.3158112
0.9593757
0.8018112
0.6800532
0.6728915
0.5086726
0.4510765
0.7617648
0.8335207
0.8618674
0.8636037
0.08228807
0.8208065
0.83745
0.6533247
0.950384
0.8514295
0.7852407
0.5795532
0.5315047
0.6331796
0.6718945
0.6678928
0.1441068
0.9669761
0.8131873
0.7696367
0.6319097
0.9785052
0.5508603
0.6216436
0.8278203
0.974882
0.4959096
0.7593435
0.9402661
0.675596
0.7356994
0.3998756
0.9772808
0.9722768
0.8064678
0.6941897
0.5587468
0.8716758
0.7581641
0.64872
0.2438631
0.7177721
0.9986472
0.6324823
0.8985429
0.3088267
0.8057608
0.9588485
0.286679
0.5762496
0.5556836
0.5422274
0.7695192
0.7352292
0.7860504
0.5349797
0.264161
0.9508708
0.4765831
0.5260789
0.7331097
0.8075907
0.7362846
0.7859931
0.8392878
0.6258938
0.6518622
0.6703913
0.8236401
0.7542503
0.6259614
0.7046547
0.8222934
0.5707818
0.712083
0.8714929
0.3746099
0.9524453
0.6978353
0.7180946
0.8393616
0.8502945
0.3606963
0.6474953
0.4851702
0.5390657
0.5534504
0.8257694
0.9910989
0.8923859
0.9144894
0.8874803
0.5350895
0.5755089
0.834216
0.9985299
0.8307753
0.8516101
0.8498359
0.7511504
0.940458
0.5503261
0.9001791
0.9227729
0.4981534
0.4848846
0.9309898
0.5150429
0.7691644
0.4191342
0.9893671
0.9292105
0.5912319
0.7350184
0.8610992
0.9628864
0.3803983
0.7144045
0.7471684
0.4094487
0.5390099
0.3381761
0.3726483
0.7965593
0.3421817
0.8134217
0.6982042
0.6970047
0.8200749
0.6522407
0.6455151
0.3509877
0.7366459
0.8247757
0.8777365
0.5293996
0.9882595
0.4688351
0.7659698
0.9974118
0.6331471
0.6264646
0.7369408
0.6302404
0.5471101
0.953656
0.9110968
0.4572036
0.7245205
0.621899
0.362302
0.9806139
0.4865985
0.8503946
0.4641775
0.990582
0.9798969
0.9150158
0.8368874
0.5046276
0.9137666
0.886376
0.8493132
0.1907961
0.6673173
0.7737517
0.6197598
0.5591121
0.439385
0.8745469
0.5924019
0.8808434
0.6199744
0.4502461
0.2825246
0.2989765
0.5683522
0.7552431
0.7014405
0.2862362
0.8677919
0.6507155
0.7370376
0.8687284
0.6911261
0.96912
0.2863609
0.9802801
0.8420441
0.5827836
0.9188069
0.5598358
0.8617265
0.9425271
0.7311824
0.9151049
0.8039181
0.5698113
0.9835763
0.7900656
0.7532347
0.9509008
0.9456591
0.7199654
0.7243702
0.6753633
0.6849881
0.7306928
0.5898917
0.57168
0.6456816
0.594053
0.4752551
0.5243804
0.3953363
0.4579866
0.3141033
0.8612544
0.6686631
0.370125
0.8466201
0.5168634
0.3971253
0.9275042
0.5053696
0.3612602
0.8690639
0.8326383
0.676198
0.8100453
0.9777304
0.9777744
0.8233488
0.8622619
0.8748817
0.4811569
0.9248169
0.6349539
0.7130663
0.4970818
0.2655478
0.05037214
0.5641466
0.7821517
0.5166341
0.6359603
0.5006273
0.6303937
0.7614659
0.6075973
0.2936686
0.5203099
0.7832749
0.5559169
0.7175115
0.5362676
0.4892436
0.6263006
0.8850833
0.678221
0.9149046
0.8958034
0.7685408
0.9907875
0.7238844
0.5820081
0.1754345
0.6417648
0.233051
0.7894724
0.351122
0.7035257
0.2290573
0.5304691
0.8615383
0.8099608
0.989557
0.8748205
0.7673226
0.6704453
0.6291166
0.8829381
0.9501005
0.6885452
0.9943829
0.836938
0.9182772
0.9623369
0.353275
0.4802042
0.5022984
0.8443993
0.1486077
0.7339516
0.8194086
0.8677867
0.7267397
0.6493804
0.5642935
0.7043704
0.9778623
0.9313876
0.5538468
0.7752338
0.5286356
0.7997341
0.76135
0.7113654
0.5318131
0.7793226
0.9265069
0.8532155
0.5067685
0.8217687
0.8646041
0.7645857
0.9317783
0.4149244
0.912885
0.9695571
0.3517228
0.9352421
0.3820019
0.9554304
0.9536204
0.7635124
0.9572087
0.09715198
0.3062815
0.9038005
0.2154354
0.4994755
0.7311206
0.3832723
0.5824826
0.3551659
0.8398228
0.8564274
0.6867951
0.8493434
0.9098783
0.9393867
0.5611119
0.8323907
0.2448444
0.7815043
0.4667375
0.729108
0.4749287
0.9605987
0.9370202
0.807844
0.9944711
0.8206677
0.5420131
0.4756271
0.5996591
0.6069011
0.5333761
0.8412618
0.2594426
0.9238211
0.8317639
0.5829502
0.5433243
0.9154641
0.9551129
0.6720078
0.6646772
0.6060788
0.8775317
0.9520839
0.6795587
0.8967903
0.7656064
0.8544343
0.8479694
0.7661395
0.7492356
0.6883919
0.9617162
0.5988797
0.6530914
0.4483208
0.9476681
0.9729298
0.5912568
0.8225515
0.6325865
0.2597622
0.9656451
0.9598803
0.8653217
0.1133604
0.915099
0.6037357
0.9789254
0.9318454
0.6834723
0.8617005
0.9600762
0.9177838
0.8864983
0.8727883
0.6328149
0.8935015
0.4965303
0.7270453
0.8443318
0.404831
0.4766309
0.6126531
0.9528356
0.41406
0.503346
0.858368
0.694689
0.6325281
0.7510536
0.8964161
0.7430992
0.9168299
0.9306903
0.7030115
0.4314894
0.3594088
0.9695905
0.9026585
0.658905
0.6464017
0.7834175
0.7750868
0.6077365
0.8427572
0.4890237
0.3855982
0.508915
0.5494407
0.916671
0.9878639
0.4304156
0.3886055
0.6466037
0.8707764
0.5055203
0.7306062
0.6527046
0.3318537
0.6235324
0.574899
0.6525777
0.8648316
0.4125983
0.7976761
0.3058051
0.4927819
0.3298629
0.5423783
0.4444165
0.4670583
0.8732491
0.8609805
0.8110139
0.834889
0.9182685
0.7686232
0.8911905
0.7896817
0.7367483
0.9933101
0.5599621
7.285367e-07
0.5747377
0.8025517
0.8442204
0.6350845
0.9189401
0.92561
0.9466364
0.7041287
0.715475
0.6276332
0.5633725
0.4138388
0.6323076
0.9472456
0.8786698
0.9735607
0.86099
0.8446952
0.4924534
0.8118918
0.7641023
0.9918214
0.4396017
0.3884171
0.8302125
0.3203639
0.7568242
0.6633815
0.8325577
0.4329109
0.6062704
0.918742
0.629994
0.9577901
0.3034069
0.9687644
0.5422398
0.5276624
0.6407429
0.3675297
0.5352771
0.9974958
0.979349
0.6134337
0.650184
0.5391761
0.7672872
0.5986225
0.7862481
0.9253647
0.4629294
0.2794127
0.3697016
0.6215603
0.5361153
0.5602921
0.5852337
0.6527279
0.58838
0.9575106
0.9034879
0.9897541
0.37987
0.9687447
0.9894252
0.9328011
0.8754426
0.3184295
0.8885332
0.6442617
0.8298633
0.2176989
0.6972585
0.9593727
0.3166215
0.9316146
0.5209015
0.8905213
0.5105148
0.7963669
0.7008674
0.3539866
0.4852147
0.869316
0.7149725
0.629847
0.7599761
0.9327315
0.5222956
0.9173913
0.7257856
0.9045254
0.8355163
0.6609529
0.3969688
0.4384139
0.87104
0.791101
0.4966482
0.6804783
0.7739211
0.8479938
0.3698037
0.8222628
0.8023574
0.9730928
0.2363751
0.733749
0.8430719
0.8244761
0.6991837
0.7116817
0.4879271
0.6023762
0.9650289
0.9507732
0.6700373
0.9976298
0.5741337
0.7963314
0.000205704
